1838
1885
1815
1890
1830
1844
1872
1840
1877
1870
1840
1881
1830
1883
1856
1891
1874
1907
1862
1872
1895
1859
1889
1840
1897
1888
1866
1884
1879
1889
1872
1875
1867
1850
1903
1865
1890
1859
1856
1789
1757
1795
1787
1824
1814
1803
1847
1840
1871
1822
1847
1814
1824
1849
1813
1866
1833
1844
1857
1852
1851
1850
1858
1856
1847
1877
1841
1881
1847
1840
1885
1839
1854
1872
1872
1891
1872
1880
1865
1880
1873
1861
1885
1866
1847
1888
1873
1904
1862
1897
1887
1871
1819
1770
1775
1783
1808
1781
1813
1786
1819
1834
1825
1830
1821
1859
1851
1869
1842
1858
1874
1817
1888
1854
1882
1863
1855
1878
1859
1883
1855
1869
1850
1867
1863
1867
1866
1857
1883
1857
1894
1835
1895
1865
1874
1869
1841
1895
1840
1889
1872
1872
1868
1862
1883
1841
1872
1817
1782
1771
1782
1792
1773
1799
1793
1819
1819
1810
1821
1808
1821
1837
1840
1845
1823
1846
1842
1851
1841
1862
1853
1881
1867
1863
1851
1872
1855
1869
1881
1851
1892
1861
1863
1872
1879
1865
1872
1866
1866
1870
1893
1869
1890
1890
1854
1872
1872
1869
1889
1878
1870
1843
1792
1786
1808
1786
1808
1823
1823
1822
1808
1847
1827
1845
1829
1841
1850
1851
1854
1837
1841
1855
1838
1847
1840
1851
1871
1846
1861
1851
1872
1851
1857
1856
1865
1856
1853
1882
1863
1895
1861
1879
1856
1867
1879
1877
1875
1885
1901
1874
1877
1903
1881
1886
1867
1834
1777
1783
1773
1792
1792
1803
1819
1817
1839
1845
1857
1826
1865
1841
1834
1856
1838
1855
1867
1859
1858
1854
1859
1852
1873
1872
1876
1885
1867
1858
1870
1873
1864
1860
1856
1856
1863
1864
1870
1872
1867
1887
1881
1875
1856
1875
1881
1860
1872
1869
1867
1878
1889
1878
1815
1775
1770
1776
1792
1789
1808
1812
1789
1818
1827
1827
1819
1841
1821
1844
1854
1849
1855
1850
1839
1859
1866
1847
1877
1869
1851
1857
1871
1871
1878
1881
1875
1872
1875
1865
1868
1893
1856
1886
1857
1869
1872
1887
1867
1886
1879
1879
1885
1882
1869
1872
1861
1872
1829
1770
1806
1787
1793
1801
1831
1834
1831
1845
1808
1840
1826
1843
1839
1825
1847
1848
1840
1851
1845
1855
1833
1840
1853
1846
1861
1850
1855
1846
1866
1871
1863
1879
1869
1872
1866
1863
1856
1870
1873
1877
1865
1887
1867
1879
1891
1872
1873
1887
1893
1872
1877
1866
1887
1817
1797
1037
641
0
585
363
4095
1739
3033
2032
4095
394
319
0
1513
4095
3696
3915
1936
1323
909
1552
2610
2512
2153
1890
1851
1227
1111
1647
2242
2457
2355
2000
1650
1636
1485
1780
1937
1947
1987
2058
2094
1847
1767
1769
1875
1969
1859
1949
1791
1897
1893
1799
1795
1935
1809
1971
1843
1712
1797
1794
1717
1833
1735
1857
1807
1840
1853
1808
1842
1773
1818
1799
1854
1859
1867
1836
1845
1806
1843
1893
1834
1923
1809
1907
1798
1879
1837
1877
1909
1825
1866
1847
1887
1862
1871
1890
1821
1897
1796
1859
1858
1866
1890
1877
1899
1839
1872
1887
1894
1856
1917
1809
1792
1803
1792
1795
1786
1797
1808
1781
1852
1835
1823
1840
1793
1837
1823
1859
1819
1863
1823
1840
1830
1879
1827
1885
1849
1875
1840
1888
1822
1858
1833
1854
1882
1878
1915
1863
1872
1868
1891
1882
1870
1852
1917
1840
1892
1847
1856
1869
1890
1897
1856
1885
1872
1843
1764
1791
1797
1818
1840
1809
1844
1807
1824
1802
1805
1840
1834
1859
1828
1840
1823
1850
1844
1878
1840
1878
1845
1858
1865
1838
1879
1857
1886
1858
1885
1867
1845
1859
1843
1857
1875
1885
1875
1876
1872
1852
1895
1872
1873
1879
1860
1879
1845
1902
1875
1899
1890
1828
1776
1774
1778
1775
1805
1791
1822
1821
1834
1840
1822
1851
1814
1851
1857
1863
1843
1855
1850
1857
1850
1869
1870
1862
1886
1872
1860
1875
1859
1845
1849
1893
1885
1873
1870
1856
1859
1844
1872
1862
1856
1851
1869
1858
1857
1862
1862
1852
1872
1872
1887
1872
1877
1872
1837
1784
1783
1780
1776
1786
1794
1791
1798
1825
1811
1808
1837
1857
1808
1841
1838
1825
1867
1840
1854
1861
1849
1862
1872
1861
1886
1843
1867
1845
1886
1859
1871
1889
1861
1874
1854
1890
1878
1863
1885
1866
1899
1875
1881
1867
1875
1856
1892
1859
1870
1870
1883
1875
1821
1790
1799
1777
1808
1811
1811
1823
1821
1824
1818
1814
1840
1840
1847
1852
1821
1851
1824
1867
1828
1846
1840
1856
1846
1847
1872
1849
1846
1861
1871
1870
1859
1872
1879
1886
1894
1861
1863
1863
1894
1872
1881
1863
1889
1894
1902
1894
1873
1861
1883
1865
1887
1862
1885
1833
1776
1791
1791
1792
1807
1814
1829
1818
1812
1841
1830
1829
1847
1829
1840
1849
1843
1871
1865
1835
1840
1873
1872
1869
1844
1866
1846
1851
1872
1862
1853
1860
1847
1867
1872
1845
1865
1858
1862
1867
1868
1861
1865
1876
1857
1878
1875
1862
1872
1859
1852
1894
1887
1819
1778
1773
1777
1786
1801
1807
1806
1829
1831
1823
1836
1852
1839
1822
1829
1854
1870
1841
1873
1878
1873
1874
1852
1876
1869
1866
1885
1889
1873
1867
1887
1875
1870
1883
1877
1869
1856
1873
1890
1886
1867
1863
1883
1874
1877
1857
1855
1871
1862
1873
1883
1876
1863
1841
1792
1797
1776
1777
1809
1792
1822
1815
1831
1830
1827
1819
1817
1840
1819
1827
1823
1855
1857
1850
1872
1846
1847
1871
1850
1854
1872
1863
1846
1871
1879
1884
1889
1875
1872
1899
1872
1863
1889
1872
1876
1879
1874
1871
1872
1894
1890
1875
1867
1882
1889
1868
1866
1894
1826
1773
1800
1776
1817
1797
1820
1815
1824
1808
1833
1840
1821
1865
1829
1831
1855
1851
1839
1871
1843
1855
1852
1848
1835
1855
1850
1841
1849
1845
1871
1856
1872
1875
1872
1855
1845
1842
1861
1858
1879
1867
1856
1860
1872
1872
1890
1864
1872
1872
1881
1875
1873
1872
1827
1779
1775
1777
1798
1808
1795
1819
1813
1836
1820
1847
1847
1842
1858
1851
1840
1867
1846
1855
1854
1863
1850
1872
1875
1872
1876
1879
1877
1861
1857
1877
1878
1873
1861
1869
1857
1871
1873
1869
1859
1844
1848
1873
1877
1870
1883
1872
1878
1858
1877
1883
1881
1859
1889
1795
1787
1782
1776
1787
1807
1801
1805
1819
1798
1805
1820
1811
1809
1829
1835
1843
1826
1853
1835
1872
1867
1847
1866
1843
1847
1865
1843
1865
1855
1881
1865
1883
1878
1875
1887
1867
1855
1869
1893
1879
1872
1887
1863
1872
1865
1853
1855
1874
1873
1869
1877
1868
1871
1837
1788
1802
1789
1805
1781
1804
1798
1822
1808
1823
1813
1830
1851
1835
1845
1840
1827
1842
1845
1850
1839
1841
1872
2662
0
4095
0
1868
4095
4095
4095
2448
4095
0
289
1249
1477
4095
1952
3550
2010
1319
1558
1015
2864
2225
2539
2112
1574
1983
1362
1808
1465
2087
2230
2192
2224
1411
1846
1788
1739
1771
1799
1718
1792
1821
1904
1835
1829
1809
1775
1913
1815
1907
1762
1865
1808
1814
1867
1793
1957
1797
1920
1823
1773
1904
1781
1903
1833
1807
1885
1805
1893
1811
1865
1871
1872
1869
1893
1814
1855
1875
1861
1866
1833
1950
1834
1921
1869
1875
1917
1861
1813
1793
1741
1755
1745
1802
1750
1848
1791
1821
1807
1805
1838
1785
1879
1839
1837
1827
1840
1867
1829
1841
1842
1870
1862
1875
1870
1833
1855
1826
1861
1841
1904
1855
1873
1873
1857
1893
1840
1883
1878
1839
1846
1858
1860
1858
1850
1884
1850
1904
1844
1875
1821
1875
1851
1815
1772
1798
1776
1779
1797
1792
1821
1792
1851
1803
1851
1847
1797
1835
1835
1840
1829
1853
1845
1839
1830
1840
1823
1863
1833
1862
1866
1839
1881
1831
1875
1866
1863
1891
1894
1869
1894
1869
1891
1878
1872
1904
1843
1923
1878
1905
1886
1854
1893
1873
1889
1872
1870
1844
1765
1783
1783
1788
1805
1811
1846
1808
1831
1820
1833
1847
1819
1858
1840
1862
1856
1846
1863
1841
1888
1850
1872
1864
1861
1875
1871
1841
1872
1839
1862
1850
1843
1841
1866
1854
1895
1871
1853
1863
1842
1891
1854
1867
1881
1889
1881
1878
1872
1872
1879
1871
1881
1893
1812
1781
1776
1783
1810
1778
1823
1803
1791
1840
1818
1808
1839
1843
1840
1861
1859
1843
1871
1856
1840
1863
1872
1842
1868
1891
1881
1844
1871
1840
1876
1863
1867
1869
1851
1856
1857
1842
1857
1854
1877
1858
1856
1867
1846
1893
1857
1863
1881
1871
1857
1889
1885
1861
1842
1778
1783
1782
1807
1798
1790
1798
1813
1819
1826
1809
1842
1829
1821
1820
1845
1851
1847
1866
1846
1853
1858
1850
1845
1847
1856
1882
1862
1870
1858
1866
1865
1871
1885
1875
1891
1890
1867
1872
1857
1885
1873
1901
1899
1882
1902
1867
1885
1889
1882
1886
1878
1889
1883
1823
1791
1785
1774
1802
1817
1808
1826
1815
1837
1827
1826
1837
1825
1847
1827
1857
1861
1829
1843
1840
1842
1833
1853
1862
1853
1871
1882
1859
1870
1845
1872
1856
1849
1879
1870
1871
1872
1851
1870
1853
1865
1885
1886
1878
1862
1881
1874
1875
1893
1872
1876
1874
1893
1825
1791
1778
1776
1799
1795
1803
1822
1822
1818
1846
1843
1827
1831
1837
1861
1856
1856
1846
1871
1856
1868
1858
1840
1872
1863
1871
1866
1882
1870
1866
1871
1872
1857
1856
1885
1849
1858
1843
1857
1866
1856
1869
1855
1879
1872
1871
1872
1859
1872
1876
1870
1879
1873
1810
1773
1767
1769
1781
1794
1801
1805
1807
1825
1827
1827
1840
1836
1835
1831
1857
1846
1844
1854
1862
1854
1881
1865
1873
1853
1858
1860
1858
1865
1856
1872
1857
1872
1872
1883
1889
1866
1893
1897
1871
1886
1889
1887
1863
1862
1856
1871
1873
1869
1869
1863
1873
1863
1866
1808
1792
1797
1790
1787
1818
1808
1799
1808
1811
1839
1833
1809
1837
1824
1841
1854
1830
1823
1840
1838
1845
1862
1833
1852
1861
1849
1846
1867
1855
1858
1869
1874
1861
1871
1870
1859
1870
1878
1872
1873
1872
1865
1869
1869
1872
1893
1879
1869
1882
1883
1873
1872
1899
1840
1785
1795
1808
1808
1799
1808
1827
1830
1826
1857
1842
1826
1830
1840
1855
1840
1850
1851
1853
1872
1855
1857
1871
1872
1840
1851
1881
1855
1858
1855
1873
1850
1841
1840
1850
1858
1870
1871
1859
1861
1872
1855
1879
1872
1858
1878
1886
1885
1877
1873
1863
1889
1887
1884
1794
1773
1790
1786
1775
1802
1797
1797
1805
1805
1824
1817
1831
1840
1822
1845
1820
1869
1872
1851
1855
1861
1854
1860
1874
1857
1865
1866
1885
1868
1863
1861
1871
1888
1875
1872
1872
1858
1866
1887
1872
1862
1863
1872
1883
1893
1878
1874
1858
1855
1882
1872
1872
1863
1841
1795
1803
1792
1799
1793
1808
1795
1810
1840
1815
1821
1830
1843
1840
1856
1847
1850
1855
1860
1856
1856
1841
1847
1861
1870
1845
1859
1849
1873
1871
1872
1856
1856
1867
1887
1859
1872
1882
1872
1878
1886
1874
1863
1878
1878
1872
1868
1862
1872
1871
1888
1870
1865
1814
1776
1793
1787
1807
1785
1803
1827
1810
1836
1813
1823
1833
1835
1858
1851
1859
1840
1862
1869
1861
1854
1869
1843
1856
1853
1845
1855
1858
1871
1853
1852
1872
1866
1884
1876
1862
1862
1863
1854
1877
1882
1869
1872
1853
1856
1878
1882
1870
1888
1876
1877
1895
1893
1863
1812
1766
1776
1793
1794
1787
1809
1797
1830
1819
1840
1821
1839
1840
1845
1841
1823
1857
1843
1854
1885
1860
1863
1878
1861
1834
1857
1871
1846
1889
1858
1858
1871
1872
1843
1874
1849
1846
1889
1859
1850
1868
1889
1872
1861
1876
1855
1869
1872
1872
1860
1877
1859
1867
1802
1769
1789
1796
1799
1804
1807
1783
1792
1804
1814
1825
1837
1819
1824
1824
1826
1841
1862
1849
1865
1843
1851
1859
1869
1856
1871
1855
1843
1856
1877
1863
1867
1883
1894
1888
1904
1875
1883
1869
1874
1868
1873
1868
1856
1867
1882
1863
1870
1872
1872
1863
1872
1857
1888
1814
1778
1783
1798
1806
1808
1828
1808
1808
1825
1824
1827
1823
1840
1835
1844
1835
1835
1861
1845
1838
1853
1838
1856
1840
1849
1853
1859
1874
1845
1881
1872
1853
1866
1859
1855
1872
1872
1872
1858
1861
1862
1881
1877
1857
1877
1888
1876
1887
1891
1878
1892
1868
1883
1811
1783
1782
1802
1797
1803
1808
1828
1834
1823
1840
1824
1840
1838
1829
1860
1863
1867
1860
1866
1872
1872
1866
1866
1856
1874
1857
1859
1867
1867
1872
1872
1872
1873
1875
1877
1872
1858
1879
1867
1863
1870
1865
1873
1856
1872
1872
1874
1873
1878
1878
1882
1855
1856
1815
1770
1765
1781
1776
1777
1808
1798
1817
1816
1831
1830
1819
1840
1826
1838
1842
1854
1837
1853
1847
1846
1866
1875
1873
1845
1861
1865
1856
1866
1853
1869
1877
1872
1876
1870
1872
1873
1871
1875
1874
1891
1881
1858
1882
1867
1863
1871
1879
1872
1877
1890
1885
1875
1855
1831
1779
1776
1811
1809
1780
1821
1809
1823
1817
1840
1810
1835
1829
1837
1834
1854
1837
1837
1847
1838
1851
1850
1833
1847
1859
1862
1874
1855
1840
1857
1861
1865
1858
1858
1869
1858
1885
1846
1886
1870
1869
1879
1872
1871
1872
1889
1875
1897
1897
1868
1885
1881
1878
1838
1781
1772
1792
1808
1798
1830
1811
1823
1826
1831
1831
1841
1846
1856
1856
1840
1865
1847
1854
1851
1856
1850
1860
1855
1856
1863
1873
1853
1851
1851
1872
1857
1872
1873
1867
1858
1856
1876
1870
1853
1851
1856
1871
1879
1863
1857
1855
1890
1887
1890
1864
1875
1863
1861
1796
1782
1767
1776
1808
1792
1808
1826
1813
1809
1837
1811
1840
1831
1846
1831
1840
1865
1855
1865
1855
1841
1878
1873
1858
1872
1884
1874
1887
1856
1876
1879
1887
1882
1872
1856
1875
1871
1872
1872
1862
1865
1875
1875
1860
1855
1859
1879
1859
1889
1882
1865
1861
1873
1836
1783
1775
1782
1792
1803
1808
1820
1813
1808
1817
1838
1840
1839
1835
1843
1834
1847
1856
1857
1863
1846
1847
1859
1854
1872
1872
1867
1872
1875
1863
1861
1856
1856
1877
1863
1872
1888
1893
1876
1872
1869
1870
1879
1872
1887
1888
1891
1872
1863
1872
1862
1889
1872
1837
1790
1798
1785
1813
1792
1818
1818
1823
1840
1815
1839
1850
1823
1831
1824
1840
1861
1845
1866
1840
1842
1870
1850
1861
1866
1853
1861
1862
1872
1850
1868
1867
1872
1875
1847
1868
1873
1881
1879
1861
1855
1856
1877
1860
1859
1857
1884
1868
1869
1874
1872
1890
1873
1889
1792
1762
1770
1751
1777
1798
1781
1834
1799
1819
1840
1826
1821
1853
1828
1830
1871
1839
1847
1847
1859
1854
1873
1870
1867
1877
1866
1839
1872
1872
1847
1867
1886
1839
1885
1883
1833
1882
1872
1846
1872
1845
1860
1872
1847
1869
1874
1870
1839
1882
1855
1869
1868
1857
1826
1776
1798
1790
1803
1795
1807
1810
1794
1803
1840
1818
1842
1818
1841
1844
1840
1829
1837
1856
1840
1859
1872
1854
1854
1872
1869
1866
1887
1856
1875
1857
1883
1868
1878
1887
1867
1872
1875
1865
1871
1881
1879
1888
1882
1872
1862
1861
1870
1887
1882
1856
1863
1872
1856
1824
1791
1793
1787
1802
1799
1823
1811
1818
1815
1814
1833
1843
1822
1826
1847
1849
1859
1835
1840
1857
1842
1854
1843
1840
1850
1843
1856
1852
1872
1865
1847
1872
1879
1861
1859
1860
1855
1865
1854
1857
1871
1869
1872
1887
1875
1866
1874
1893
1872
1872
1865
1851
1886
1838
1756
1786
1795
1799
1793
1823
1807
1809
1814
1826
1826
1823
1838
1845
1845
1837
1856
1858
1857
1853
1854
1845
1861
1865
1870
1866
1872
1863
1872
1872
1858
1856
1865
1872
1860
1860
1872
1879
1859
1866
1846
1879
1852
1872
1853
1866
1865
1870
1858
1870
1878
1883
1873
1823
1777
1782
1770
1776
1804
1791
1808
1792
1826
1828
1825
1821
1838
1847
1850
1835
1855
1837
1867
1845
1841
1862
1853
1872
1869
1856
1859
1869
1882
1879
1887
1867
1875
1861
1869
1862
1870
1883
1872
1867
1873
1872
1858
1861
1874
1882
1888
1887
1856
1858
1855
1871
1871
1859
1837
1749
1799
1804
1790
1789
1819
1818
1830
1818
1823
1827
1822
1833
1833
1844
1838
1826
1853
1831
1850
1842
1842
1852
1857
1855
1845
1861
1858
1850
1856
1831
1860
1857
1843
1879
1859
1860
1891
1872
1875
1882
1883
1878
1871
1901
1872
1872
1890
1863
1895
1878
1872
1882
1808
1786
1788
1795
1803
1790
1823
1815
1826
1821
1831
1842
1854
1840
1847
1850
1840
1865
1853
1850
1843
1871
1873
1862
1856
1858
1872
1862
1858
1867
1851
1877
1857
1862
1872
1868
1856
1879
1854
1877
1863
1872
1878
1857
1872
1861
1884
1869
1887
1883
1869
1869
1887
1869
1890
1793
1769
1759
1797
1805
1795
1794
1798
1798
1808
1840
1838
1845
1823
1843
1842
1844
1853
1861
1837
1845
1852
1854
1861
1872
1851
1866
1895
1883
1881
1868
1879
1878
1895
1862
1859
1885
1857
1856
1855
1861
1867
1859
1885
1875
1866
1865
1862
1878
1859
1878
1858
1872
1872
1847
1774
1776
1799
1783
1802
1810
1818
1804
1813
1808
1838
1813
1840
1840
1833
1851
1841
1856
1859
1852
1836
1855
1840
1870
1872
1858
1882
1857
1873
1872
1886
1872
1856
1870
1870
1877
1866
1888
1897
1891
1862
1873
1877
1877
1870
1872
1861
1867
1875
1887
1859
1891
1892
1841
1792
1789
1781
1808
1808
1825
1818
1839
1823
1834
1846
1825
1841
1863
1860
1850
1870
1856
1838
1855
1840
1856
1870
1872
1839
1865
1850
1860
1874
1849
1854
1877
1861
1872
1862
1877
1846
1884
1871
1868
1878
1874
1862
1872
1868
1861
1887
1889
1871
1886
1871
1871
1870
1877
1815
1761
1758
1791
1788
1777
1819
1793
1811
1809
1823
1806
1825
1840
1817
1829
1827
1842
1866
1857
1857
1851
1872
1855
1855
1862
1866
1865
1876
1858
1871
1867
1854
1889
1871
1839
1862
1846
1857
1853
1852
1859
1878
1850
1861
1853
1866
1857
1878
1853
1845
1880
1861
1872
1814
1767
1770
1797
1797
1805
1794
1823
1819
1808
1815
1829
1823
1819
1837
1840
1840
1845
1844
1843
1857
1847
1863
1862
1874
1870
1849
1881
1853
1872
1866
1882
1881
1887
1885
1901
1897
1872
1866
1878
1882
1886
1886
1862
1886
1881
1885
1887
1890
1870
1863
1874
1873
1852
1873
1825
1787
1779
1775
1789
1817
1794
1830
1840
1811
1826
1822
1830
1831
1835
1833
1856
1839
1846
1867
1847
1855
1854
1862
1839
1842
1841
1857
1839
1859
1857
1859
1873
1866
1874
1866
1866
1881
1873
1854
1875
1879
1858
1872
1883
1857
1865
1875
1866
1889
1894
1865
1891
1885
1823
1770
1762
1782
1783
1792
1787
1802
1797
1831
1840
1852
1846
1839
1846
1840
1839
1843
1853
1860
1863
1855
1847
1857
1862
1857
1878
1862
1861
1869
1865
1872
1867
1875
1872
1866
1847
1846
1866
1854
1874
1853
1866
1857
1858
1859
1862
1868
1867
1872
1867
1885
1893
1873
1840
1769
1775
1790
1802
1774
1791
1812
1808
1805
1808
1808
1838
1850
1857
1854
1838
1835
1842
1846
1858
1850
1865
1845
1854
1872
1872
1879
1861
1858
1869
1862
1871
1874
1885
1872
1895
1891
1872
1884
1882
1876
1869
1888
1887
1873
1899
1863
1893
1854
1856
1868
1869
1872
1886
1832
1788
1783
1795
1807
1797
1787
1825
1807
1792
1835
1813
1830
1842
1814
1808
1844
1824
1827
1839
1854
1834
1851
1841
1826
1861
1835
1837
1890
1846
1843
1873
1847
1835
1872
1847
1851
1882
1856
1848
1872
1856
1862
1881
1878
1863
1888
1894
1851
1869
1872
1850
1877
1879
1835
1776
1781
1795
1801
1789
1808
1819
1823
1831
1840
1851
1854
1840
1834
1851
1853
1840
1853
1873
1840
1850
1871
1850
1860
1849
1872
1849
1849
1867
1869
1867
1869
1847
1861
1861
1872
1872
1856
1873
1872
1859
1859
1867
1877
1857
1866
1867
1879
1882
1867
1861
1885
1903
1890
1802
1760
1783
1779
1786
1797
1802
1791
1821
1823
1810
1808
1826
1837
1836
1843
1847
1838
1840
1854
1872
1876
1871
1857
1871
1855
1863
1881
1854
1874
1871
1853
1867
1890
1858
1886
1873
1862
1874
1867
1856
1872
1877
1861
1878
1854
1867
1872
1867
1869
1872
1858
1873
1884
1936
1964
1795
1424
1883
1675
1987
1796
1567
1694
1588
1859
1812
1905
1955
1872
1863
1818
1936
1975
1974
1978
1858
1885
1829
1862
1840
1809
1874
1799
1792
1813
1792
1825
1829
1851
1792
1890
1861
1873
1829
1967
1829
1943
1869
1991
1863
1840
1872
1807
1838
1788
1869
1821
1866
1801
1846
1809
1854
1808
1857
1853
1795
1831
1771
1837
1830
1823
1824
1794
1802
1811
1827
1850
1850
1838
1865
1840
1904
1862
1863
1804
1829
1856
1826
1903
1840
1862
1872
1830
1931
1867
1926
1838
1875
1842
1852
1873
1872
1903
1878
1904
1865
1862
1894
1860
1877
1856
1868
1797
1765
1791
1798
1791
1808
1820
1798
1861
1795
1840
1808
1839
1793
1845
1837
1824
1846
1833
1882
1861
1870
1833
1872
1872
1859
1872
1856
1840
1864
1869
1871
1866
1855
1859
1872
1859
1840
1873
1872
1879
1876
1902
1838
1886
1841
1847
1851
1838
1844
1869
1891
1866
1887
1817
1776
1795
1785
1787
1790
1809
1796
1827
1817
1824
1788
1817
1834
1810
1849
1834
1874
1840
1867
1855
1857
1863
1863
1877
1878
1857
1886
1871
1903
1859
1876
1872
1867
1859
1868
1887
1855
1888
1867
1873
1900
1858
1883
1884
1869
1879
1873
1883
1879
1891
1878
1872
1866
1875
1824
1776
1779
1781
1786
1799
1808
1828
1830
1826
1826
1851
1841
1847
1813
1848
1855
1837
1840
1869
1833
1838
1856
1845
1859
1835
1846
1841
1840
1855
1865
1857
1851
1866
1859
1885
1879
1853
1883
1858
1889
1861
1870
1872
1871
1866
1887
1872
1875
1863
1872
1872
1878
1879
1846
1745
1781
1795
1761
1801
1778
1790
1795
1837
1801
1843
1835
1829
1855
1840
1850
1852
1870
1867
1872
1876
1870
1863
1871
1867
1877
1882
1863
1872
1866
1872
1869
1872
1863
1846
1882
1866
1883
1856
1883
1888
1879
1863
1861
1856
1857
1886
1866
1868
1866
1875
1857
1863
1868
1813
1776
1764
1785
1779
1808
1787
1810
1803
1814
1834
1819
1820
1844
1822
1836
1823
1843
1853
1857
1866
1872
1869
1863
1850
1847
1872
1863
1877
1879
1872
1881
1857
1862
1893
1861
1861
1874
1870
1876
1867
1859
1878
1866
1853
1870
1871
1875
1863
1856
1872
1870
1867
1882
1813
1791
1760
1808
1795
1798
1808
1813
1806
1829
1808
1806
1823
1824
1818
1839
1850
1806
1852
1855
1843
1856
1840
1839
1854
1847
1819
1844
1865
1855
1861
1867
1865
1857
1884
1862
1863
1877
1855
1882
1874
1849
1871
1881
1867
1872
1878
1857
1878
1863
1856
1865
1871
1870
1833
1769
1794
1808
1815
1828
1808
1820
1822
1826
1836
1824
1837
1855
1851
1854
1856
1859
1855
1855
1861
1846
1850
1855
1866
1867
1854
1872
1858
1871
1850
1872
1883
1856
1876
1880
1872
1856
1872
1873
1858
1858
1869
1865
1872
1851
1883
1881
1858
1870
1858
1877
1872
1850
1862
1808
1774
1773
1789
1786
1791
1789
1818
1826
1825
1840
1839
1843
1842
1840
1833
1869
1843
1860
1846
1855
1873
1856
1857
1859
1858
1871
1874
1856
1867
1858
1867
1869
1875
1853
1860
1870
1889
1849
1874
1877
1879
1876
1861
1873
1872
1861
1873
1862
1873
1861
1858
1857
1850
1840
1779
1767
1803
1789
1776
1792
1808
1786
1813
1808
1791
1835
1834
1814
1834
1840
1840
1840
1845
1852
1838
1847
1840
1840
1867
1856
1873
1870
1866
1860
1877
1853
1858
1860
1863
1872
1870
1871
1883
1872
1874
1868
1887
1869
1868
1889
1873
1895
1890
1883
1893
1891
1885
1868
1803
1793
1803
1808
1820
1819
1823
1834
1819
1825
1827
1840
1847
1833
1830
1861
1840
1842
1854
1851
1841
1862
1840
1863
1858
1841
1859
1860
1839
1843
1846
1840
1840
1870
1867
1850
1872
1882
1862
1875
1875
1865
1881
1854
1879
1859
1883
1872
1875
1866
1878
1877
1877
1873
1805
1772
1765
1759
1776
1778
1791
1825
1806
1808
1840
1816
1819
1847
1852
1830
1846
1846
1865
1856
1862
1862
1878
1853
1840
1879
1877
1855
1889
1873
1861
1850
1871
1853
1866
1871
1863
1885
1885
1852
1856
1854
1846
1857
1878
1836
1857
1851
1856
1857
1854
1840
1861
1882
1822
1794
1804
1814
1794
1799
1808
1789
1826
1827
1835
1808
1833
1815
1821
1846
1839
1839
1826
1838
1840
1844
1866
1846
1872
1872
1870
1870
1868
1875
1858
1871
1857
1858
1893
1866
1872
1893
1883
1875
1866
1897
1882
1872
1891
1887
1876
1863
1877
1886
1873
1892
1867
1888
1886
1806
1787
1809
1787
1794
1808
1799
1809
1838
1826
1834
1829
1850
1815
1839
1831
1824
1856
1842
1843
1858
1857
1847
1845
1845
1862
1871
1859
1843
1854
1856
1852
1866
1857
1843
1856
1858
1856
1857
1874
1866
1872
1862
1874
1867
1891
1863
1869
1875
1886
1874
1888
1868
1899
1835
1769
1793
1790
1783
1795
1804
1822
1830
1827
1829
1849
1856
1851
1847
1856
1840
1842
1869
1840
1872
1871
1875
1855
1854
1851
1863
1856
1859
1857
1851
1856
1874
1870
1875
1855
1851
1868
1889
1881
1885
1877
1856
1870
1869
1871
1873
1867
1872
1871
1870
1873
1869
1872
1822
1776
1784
1775
1776
1795
1780
1802
1813
1803
1805
1816
1831
1845
1834
1827
1843
1826
1845
1841
1867
1850
1873
1871
1861
1858
1883
1863
1886
1872
1847
1885
1872
1872
1879
1881
1870
1871
1872
1893
1872
1872
1872
1887
1872
1879
1863
1890
1883
1875
1864
1875
1863
1871
1862
1825
1779
1779
1805
1789
1811
1793
1789
1808
1822
1812
1830
1821
1814
1848
1837
1828
1852
1846
1837
1834
1851
1827
1856
1840
1850
1859
1859
1871
1886
1860
1851
1869
1872
1840
1875
1867
1872
1887
1888
1870
1865
1865
1850
1884
1901
1865
1904
1895
1872
1888
1869
1872
1881
1825
1763
1779
1776
1802
1813
1808
1837
1814
1829
1845
1842
1858
1856
1843
1840
1837
1859
1863
1872
1871
1851
1851
1871
1859
1853
1855
1859
1871
1863
1867
1857
1876
1859
1878
1861
1869
1867
1869
1875
1877
1856
1875
1846
1857
1852
1862
1866
1892
1887
1878
1890
1874
1873
1872
1840
1776
1770
1782
1789
1776
1802
1792
1830
1817
1823
1806
1837
1840
1827
1855
1842
1845
1839
1862
1863
1851
1870
1867
1873
1879
1862
1872
1878
1850
1872
1883
1874
1891
1872
1862
1858
1884
1861
1857
1856
1886
1858
1861
1873
1872
1856
1846
1862
1833
1856
1855
1870
1865
1712
1669
1867
1955
1948
1843
1783
1711
1793
1771
1803
1814
1742
1748
1759
1789
1809
1822
1872
1840
1808
1839
1850
1826
1878
1840
1847
1858
1876
1867
1891
1920
1823
1900
1837
1822
1840
1911
1827
1895
1845
1966
1872
1904
1875
1821
1855
1871
1904
1871
1856
1857
1877
1869
1897
1806
1793
1808
1776
1819
1794
1805
1794
1814
1809
1857
1823
1849
1821
1875
1827
1872
1815
1839
1857
1825
1878
1829
1870
1840
1886
1843
1825
1837
1870
1831
1904
1857
1884
1858
1870
1857
1838
1875
1873
1852
1874
1861
1892
1835
1878
1905
1877
1887
1872
1910
1861
1872
1840
1810
1764
1726
1798
1797
1776
1815
1788
1825
1808
1840
1809
1845
1830
1812
1855
1825
1824
1846
1853
1858
1861
1861
1850
1883
1847
1839
1851
1883
1843
1872
1859
1834
1897
1858
1859
1872
1871
1872
1856
1883
1811
1885
1869
1865
1895
1844
1868
1867
1903
1850
1876
1882
1871
1825
1764
1808
1776
1776
1782
1801
1809
1812
1840
1838
1831
1815
1824
1821
1840
1841
1856
1856
1829
1854
1839
1863
1854
1862
1900
1856
1872
1854
1881
1879
1855
1893
1869
1872
1873
1886
1869
1880
1872
1879
1880
1882
1851
1862
1871
1870
1874
1887
1883
1872
1863
1856
1883
1867
1840
1783
1767
1806
1793
1813
1779
1838
1808
1840
1820
1813
1827
1846
1837
1838
1839
1855
1827
1842
1853
1856
1845
1862
1845
1855
1852
1840
1858
1858
1849
1850
1872
1861
1883
1864
1871
1872
1857
1853
1872
1875
1867
1892
1861
1863
1891
1885
1897
1869
1895
1870
1867
1872
1815
1771
1746
1793
1797
1777
1786
1833
1827
1839
1840
1840
1822
1835
1856
1851
1864
1853
1858
1872
1864
1872
1863
1872
1872
1874
1860
1861
1859
1857
1879
1850
1872
1873
1878
1873
1874
1856
1861
1874
1874
1875
1861
1873
1867
1861
1884
1857
1865
1872
1872
1871
1867
1879
1886
1815
1758
1786
1787
1798
1785
1797
1823
1810
1825
1819
1821
1835
1846
1821
1840
1836
1851
1841
1829
1873
1847
1855
1856
1843
1866
1872
1873
1867
1865
1869
1878
1898
1855
1872
1889
1882
1869
1871
1871
1856
1855
1887
1852
1891
1877
1872
1864
1874
1858
1859
1867
1875
1872
1813
1782
1806
1760
1803
1808
1795
1810
1808
1794
1831
1833
1798
1822
1827
1817
1834
1837
1833
1831
1840
1843
1840
1851
1826
1863
1833
1852
1858
1872
1847
1862
1886
1877
1872
1872
1861
1856
1874
1879
1877
1865
1866
1873
1863
1878
1888
1889
1873
1890
1873
1891
1895
1885
1842
1774
1801
1786
1791
1813
1800
1825
1819
1817
1840
1818
1845
1830
1862
1855
1854
1862
1861
1870
1859
1840
1844
1840
1851
1856
1856
1874
1869
1850
1873
1847
1857
1856
1875
1878
1854
1856
1863
1854
1858
1873
1863
1862
1887
1862
1866
1882
1881
1856
1875
1875
1870
1873
1886
1839
1775
1780
1782
1786
1794
1792
1794
1840
1808
1829
1829
1840
1833
1843
1838
1858
1861
1862
1864
1868
1840
1857
1879
1843
1872
1872
1860
1856
1863
1851
1874
1862
1888
1877
1871
1879
1882
1866
1867
1872
1885
1865
1869
1873
1866
1860
1877
1876
1872
1870
1873
1866
1875
1808
1776
1774
1794
1778
1790
1794
1812
1828
1815
1821
1809
1811
1835
1831
1846
1847
1829
1841
1858
1851
1854
1856
1844
1861
1847
1856
1870
1840
1851
1875
1856
1872
1886
1888
1885
1872
1868
1871
1878
1878
1874
1865
1897
1883
1867
1894
1871
1898
1872
1887
1886
1886
1861
1880
1807
1792
1798
1785
1809
1793
1825
1812
1810
1841
1845
1835
1834
1850
1847
1831
1858
1834
1835
1846
1847
1853
1849
1851
1866
1842
1861
1842
1859
1857
1865
1847
1859
1874
1851
1872
1853
1855
1872
1857
1877
1872
1866
1870
1856
1865
1899
1885
1874
1889
1873
1869
1863
1870
1818
1744
1794
1787
1778
1807
1811
1785
1809
1827
1820
1811
1813
1819
1833
1854
1822
1857
1844
1828
1878
1858
1841
1856
1867
1849
1866
1875
1869
1894
1879
1856
1875
1856
1851
1862
1853
1862
1879
1867
1840
1877
1881
1854
1859
1874
1854
1854
1870
1856
1868
1863
1869
1886
1821
1783
1798
1784
1779
1783
1785
1789
1803
1808
1838
1813
1838
1823
1822
1843
1834
1855
1827
1840
1869
1857
1872
1842
1856
1855
1856
1885
1875
1872
1865
1860
1867
1875
1865
1867
1884
1882
1887
1886
1867
1887
1869
1877
1897
1881
1858
1886
1878
1875
1865
1856
1866
1873
1879
1840
1791
1776
1789
1811
1808
1808
1797
1821
1839
1822
1839
1830
1839
1817
1837
1856
1835
1858
1856
1846
1859
1835
1843
1846
1839
1872
1846
1866
1863
1856
1858
1859
1885
1877
1874
1882
1875
1878
1866
1882
1886
1873
1865
1877
1891
1887
1871
1873
1859
1877
1891
1888
1872
1831
1744
1783
1780
1785
1798
1806
1810
1797
1838
1809
1841
1837
1840
1845
1835
1847
1853
1859
1840
1862
1869
1873
1860
1847
1872
1861
1849
1872
1859
1872
1862
1871
1872
1875
1855
1872
1853
1856
1855
1872
1849
1863
1856
1862
1869
1882
1877
1863
1861
1874
1865
1861
1890
1874
1814
1776
1763
1779
1805
1798
1792
1820
1807
1811
1831
1815
1156
1882
1482
1728
1570
1626
1037
1571
1622
2490
1899
2350
1637
1521
1955
1747
2098
1818
1951
1854
1871
1926
1701
1968
1872
1911
1877
1715
1798
1744
1877
1840
1811
1915
1843
1919
1792
1859
1845
1843
1904
1878
1838
1823
1854
1799
1825
1780
1830
1775
1792
1827
1809
1837
1857
1857
1808
1855
1840
1839
1851
1834
1901
1830
1808
1795
1848
1840
1843
1885
1850
1843
1851
1886
1849
1876
1886
1870
1891
1843
1877
1851
1866
1866
1897
1914
1872
1905
1915
1893
1915
1903
1888
1886
1842
1904
1843
1772
1778
1795
1825
1826
1844
1831
1827
1808
1837
1813
1842
1853
1871
1853
1863
1872
1835
1859
1850
1875
1830
1868
1867
1824
1862
1858
1879
1852
1886
1851
1837
1859
1830
1872
1838
1883
1866
1855
1874
1856
1888
1847
1875
1855
1885
1861
1861
1875
1872
1904
1872
1896
1875
1843
1777
1775
1789
1805
1802
1776
1803
1840
1795
1843
1792
1825
1838
1851
1838
1838
1857
1831
1856
1831
1857
1878
1865
1872
1841
1879
1842
1876
1867
1881
1885
1889
1883
1869
1877
1865
1894
1851
1859
1857
1878
1874
1865
1856
1867
1875
1873
1872
1867
1869
1866
1856
1890
1815
1787
1779
1776
1802
1776
1794
1799
1780
1841
1809
1827
1817
1843
1818
1845
1827
1825
1867
1834
1867
1837
1872
1871
1839
1873
1857
1875
1840
1866
1872
1876
1890
1863
1889
1863
1869
1867
1888
1865
1879
1886
1872
1879
1874
1875
1899
1861
1893
1893
1888
1872
1903
1865
1883
1787
1766
1794
1786
1798
1801
1815
1814
1836
1827
1817
1838
1827
1859
1841
1868
1840
1840
1840
1863
1869
1859
1861
1872
1864
1872
1850
1851
1851
1867
1859
1851
1856
1859
1841
1859
1872
1872
1871
1867
1872
1888
1867
1878
1879
1861
1852
1872
1887
1888
1883
1894
1893
1894
1805
1791
1775
1748
1789
1791
1798
1822
1808
1814
1814
1817
1833
1843
1833
1848
1843
1861
1836
1870
1882
1850
1873
1886
1869
1866
1874
1846
1871
1863
1878
1877
1856
1887
1872
1862
1859
1873
1886
1872
1859
1868
1855
1873
1882
1863
1870
1851
1872
1869
1860
1873
1862
1872
1815
1767
1786
1791
1787
1806
1806
1814
1801
1808
1826
1825
1813
1845
1824
1842
1845
1830
1830
1841
1865
1839
1842
1858
1863
1875
1865
1873
1856
1872
1872
1872
1879
1889
1875
1868
1874
1875
1885
1883
1878
1885
1875
1873
1872
1877
1889
1882
1872
1887
1877
1862
1865
1879
1877
1840
1790
1780
1792
1807
1806
1801
1810
1813
1823
1820
1811
1825
1840
1818
1849
1840
1865
1845
1854
1858
1851
1860
1861
1851
1858
1850
1847
1842
1859
1850
1843
1871
1872
1855
1871
1862
1873
1870
1878
1855
1859
1859
1855
1886
1868
1872
1879
1878
1879
1883
1889
1888
1876
1824
1776
1798
1783
1792
1791
1794
1825
1815
1819
1828
1816
1821
1843
1850
1858
1845
1842
1846
1870
1841
1844
1841
1867
1872
1875
1872
1861
1872
1873
1851
1858
1877
1877
1851
1857
1853
1866
1855
1872
1878
1870
1885
1867
1879
1854
1858
1874
1870
1856
1874
1875
1868
1869
1873
1799
1769
1786
1777
1794
1793
1790
1790
1824
1818
1808
1836
1819
1825
1837
1835
1846
1848
1847
1872
1866
1856
1852
1858
1860
1871
1858
1882
1882
1874
1860
1877
1867
1867
1879
1865
1890
1883
1871
1884
1889
1867
1872
1863
1872
1867
1871
1867
1861
1875
1883
1867
1863
1870
1850
1764
1776
1805
1794
1808
1803
1806
1836
1818
1810
1823
1827
1798
1850
1831
1820
1859
1843
1839
1849
1847
1824
1872
1869
1855
1872
1850
1846
1857
1872
1842
1874
1859
1873
1883
1872
1868
1870
1871
1875
1877
1879
1869
1888
1894
1867
1883
1893
1881
1878
1872
1893
1902
1817
1768
1783
1790
1778
1809
1799
1808
1825
1825
1840
1826
1827
1834
1860
1861
1860
1851
1840
1841
1845
1850
1840
1869
1846
1856
1859
1858
1859
1873
1865
1872
1877
1872
1872
1883
1861
1872
1855
1872
1846
1867
1853
1867
1865
1867
1889
1881
1883
1867
1881
1878
1888
1879
1883
1808
1771
1782
1796
1772
1791
1817
1790
1802
1809
1823
1824
1833
1820
1819
1841
1860
1856
1843
1861
1840
1866
1867
1866
1865
1859
1853
1866
1858
1866
1857
1863
1872
1871
1872
1857
1877
1873
1873
1888
1862
1873
1872
1861
1871
1878
1889
1872
1873
1850
1872
1855
1853
1855
1825
1776
1781
1791
1776
1804
1797
1809
1818
1825
1822
1808
1839
1813
1839
1826
1840
1841
1829
1829
1853
1857
1855
1878
1878
1875
1868
1869
1859
1873
1849
1879
1881
1876
1854
1881
1865
1856
1891
1863
1901
1883
1866
1888
1870
1886
1868
1877
1895
1872
1883
1863
1885
1890
1872
1852
1796
1785
1788
1811
1821
1826
1824
1837
1809
1839
1855
1814
1825
1840
1840
1861
1857
1847
1863
1866
1872
1857
1869
1869
1875
1857
1863
1855
1854
1877
1875
1846
1849
1854
1841
1866
1853
1873
1857
1856
1881
1871
1890
1885
1863
1894
1892
1870
1872
1883
1881
1871
1872
1808
1769
1786
1819
1800
1793
1789
1819
1808
1837
1840
1815
1835
1856
1829
1825
1853
1857
1840
1839
1840
1861
1842
1855
1847
1867
1872
1861
1888
1853
1883
1858
1857
1885
1878
1861
1869
1872
1867
1882
1873
1855
1847
1866
1877
1870
1872
1851
1882
1863
1862
1873
1875
1884
1883
1827
1773
1783
1777
1794
1790
1797
1798
1808
1812
1830
1812
1830
1851
1829
1838
1856
1843
1830
1861
1840
1846
1869
1872
1850
1872
1875
1881
1876
1870
1868
1856
1872
1877
1877
1878
1871
1892
1867
1868
1870
1880
1869
1871
1893
1862
1878
1878
1879
1859
1872
1858
1856
1885
1838
1776
1791
1793
1806
1818
1802
1808
1835
1812
1840
1837
1824
1842
1824
1840
1858
1843
1838
1839
1857
1835
1842
1855
1858
1858
1867
1872
1867
1853
1854
1871
1856
1855
1859
1856
1876
1869
1871
1872
1894
1890
1874
1892
1891
1881
1873
1885
1883
1867
1870
1870
1893
1872
1891
1797
1746
1774
1776
1789
1792
1802
1789
1838
1820
1808
1840
1850
1828
1863
1830
1817
1841
1853
1850
1856
1841
1857
1855
1856
1843
1857
1851
1849
1867
1865
1840
1878
1855
1858
1859
1872
1849
1872
1873
1840
1859
1857
1870
1876
1854
1844
1863
1869
1861
1873
1872
1869
1862
1806
1776
1791
1789
1809
1794
1791
1808
1807
1821
1813
1831
1849
1854
1842
1821
1837
1854
1853
1865
1854
1862
1847
1859
1875
1876
1874
1856
1870
1867
1868
1888
1889
1865
1882
1882
1862
1872
1883
1872
1881
1872
1872
1879
1856
1888
1872
1879
1865
1856
1856
1873
1877
1869
1819
1776
1789
1806
1815
1793
1808
1820
1817
1797
1822
1825
1818
1834
1823
1830
1842
1824
1839
1839
1865
1860
1851
1851
1844
1869
1843
1851
1859
1851
1859
1883
1871
1872
1862
1863
1859
1869
1877
1856
1872
1872
1871
1892
1867
1871
1871
1859
1879
1887
1872
1865
1865
1865
1867
1799
1782
1775
1806
1814
1792
1813
1823
1823
1843
1825
1854
1846
1835
1846
1850
1835
1842
1852
1840
1867
1850
1869
1862
1865
1841
1872
1857
1863
1870
1873
1858
1856
1849
1882
1843
1861
1876
1855
1871
1874
1871
1874
1865
1873
1883
1874
1872
1897
1889
1869
1878
1869
1872
1813
1790
1785
1787
1785
1807
1804
1808
1827
1808
1830
1818
1845
1840
1830
1846
1856
1871
1856
1865
1870
1861
1863
1872
1845
1872
1856
1884
1872
1884
1867
1891
1884
1879
1882
1887
1890
1863
1881
1878
1870
1860
1882
1873
1871
1877
1861
1859
1867
1855
1885
1883
1849
1884
1808
1776
1778
1786
1781
1792
1782
1796
1823
1828
1829
1827
1835
1830
1827
1840
1851
1854
1831
1860
1837
1843
1853
1872
1848
1842
1866
1847
1846
1873
1882
1850
1878
1866
1888
1856
1871
1878
1889
1877
1869
1893
1890
1888
1883
1885
1875
1867
1893
1885
1902
1876
1863
1869
1882
1849
1787
1776
1789
1822
1793
1808
1825
1840
1829
1842
1822
1840
1833
1843
1839
1830
1833
1855
1863
1844
1854
1870
1846
1855
1853
1857
1844
1837
1866
1843
1845
1853
1858
1872
1856
1852
1872
1872
1884
1855
1887
1872
1883
1874
1865
1890
1886
1894
1876
1883
1871
1888
1877
1806
1779
1766
1779
1787
1810
1809
1823
1810
1833
1820
1843
1823
1829
1854
1835
1851
1855
1843
1843
1853
1867
1862
1851
1853
1858
1869
1872
1867
1872
1856
1855
1878
1875
1850
1866
1867
1854
1870
1872
1845
1858
1857
1850
1872
1857
1847
1859
1872
1877
1873
1882
1858
1876
1872
1831
1761
1786
1777
1775
1786
1797
1792
1797
1808
1819
1807
1810
1843
1847
1847
1831
1861
1838
1841
1837
1853
1849
1854
1850
1858
1850
1856
1883
1873
1878
1892
1889
1873
1893
1878
1872
1861
1857
1862
1877
1871
1884
1870
1885
1858
1872
1856
1866
1885
1894
1888
1881
1855
1855
1785
1796
1777
1808
1809
1812
1822
1810
1808
1821
1846
1845
1824
1840
1852
1863
1844
1840
1840
1856
1847
1845
1855
1862
1859
1840
1871
1856
1865
1855
1851
1856
1879
1862
1872
1872
1872
1854
1862
1878
1891
1873
1876
1882
1877
1867
1883
1882
1886
1883
1865
1862
1873
1875
1781
1777
1781
1778
1787
1808
1806
1815
1811
1795
1827
1845
1832
1846
1846
1837
1861
1856
1833
1859
1843
1843
1872
1859
1845
1883
1856
1837
1851
1850
1842
1872
1849
1845
1857
1847
1837
1861
1870
1839
1847
1851
1841
1866
1856
1861
1858
1869
1846
1879
1885
1862
1862
1877
1831
1783
1792
1766
1793
1797
1806
1803
1805
1835
1815
1835
1830
1846
1842
1840
1837
1851
1843
1849
1850
1866
1847
1853
1877
1854
1872
1861
1867
1894
1886
1888
1887
1869
1859
1856
1857
1866
1886
1856
1867
1872
1872
1881
1876
1871
1886
1856
1872
1859
1858
1865
1859
1862
1840
1786
1785
1787
1806
1796
1817
1815
1797
1806
1830
1811
1838
1837
1829
1839
1846
1850
1840
1851
1858
1854
1858
1860
1842
1868
1865
1852
1885
1855
1875
1873
1861
1877
1861
1861
1863
1869
1863
1872
1869
1867
1872
1891
1884
1871
1884
1866
1871
1871
1870
1874
1885
1875
1891
1813
1797
1805
1813
1805
1808
1818
1829
1833
1829
1850
1840
1856
1843
1847
1854
1869
1856
1850
1849
1861
1858
1860
1846
1854
1866
1875
1874
1861
1865
1849
1850
1869
1861
1858
1874
1884
1856
1873
1872
1857
1858
1872
1859
1862
1873
1863
1860
1875
1878
1877
1872
1877
1865
1808
1779
1769
1777
1787
1806
1817
1808
1824
1821
1838
1819
1831
1827
1840
1840
1859
1853
1840
1840
1845
1874
1872
1846
1887
1850
1879
1861
1889
1862
1869
1874
1876
1867
1885
1865
1866
1869
1859
1857
1866
1858
1872
1872
1872
1861
1881
1865
1867
1875
1862
1874
1872
1858
1858
1805
1771
1767
1786
1776
1804
1805
1778
1807
1824
1819
1831
1808
1817
1835
1822
1819
1847
1825
1840
1840
1859
1828
1867
1840
1845
1872
1872
1856
1870
1868
1871
1875
1869
1859
1867
1872
1855
1874
1885
1862
1881
1867
1879
1896
1885
1850
1875
1883
1871
1872
1878
1854
1883
1840
1776
1787
1799
1825
1821
1836
1805
1833
1814
1840
1838
1838
1859
1851
1847
1840
1847
1843
1849
1856
1862
1862
1861
1856
1847
1867
1867
1847
1866
1847
1847
1846
1874
1847
1871
1857
1858
1886
1857
1872
1872
1861
1858
1872
1870
1883
1875
1878
1876
1877
1893
1882
1866
1813
1790
1777
1777
1795
1803
1783
1802
1801
1807
1825
1844
1824
1835
1847
1829
1861
1847
1872
1856
1875
1854
1871
1851
1858
1856
1855
1855
1883
1870
1850
1859
1866
1856
1855
1883
1855
1881
1871
1854
1859
1884
1858
1859
1861
1859
1872
1857
1859
1871
1857
1879
1857
1869
1858
1807
1764
1799
1798
1783
1799
1808
1805
1819
1809
1797
1823
1827
1833
1840
1839
1846
1837
1849
1843
1863
1841
1858
1862
1872
1845
1859
1851
1857
1882
1886
1874
1872
1873
1887
1860
1891
1878
1859
1893
1889
1881
1889
1883
1873
1870
1878
1891
1887
1872
1865
1857
1863
1861
1843
1803
1790
1799
1807
1807
1808
1812
1823
1810
1819
1835
1830
1827
1840
1843
1850
1851
1853
1840
1830
1854
1844
1840
1845
1871
1872
1845
1847
1870
1866
1854
1856
1853
1867
1871
1857
1856
1874
1862
1872
1873
1883
1859
1879
1872
1876
1887
1895
1887
1872
1893
1886
1872
1872
1814
1765
1747
1779
1814
1781
1810
1830
1808
1811
1831
1803
1840
1856
1808
1855
1839
1810
1841
1860
1836
1861
1871
1846
1872
1879
1833
1873
1853
1852
1862
1877
1843
1853
1853
1869
1850
1857
1851
1872
1874
1865
1845
1851
1845
1878
1856
1861
1871
1870
1872
1882
1875
1872
1839
1769
1770
1801
1811
1796
1821
1818
1804
1796
1815
1817
1835
1850
1835
1848
1836
1847
1862
1865
1870
1853
1865
1851
1853
1883
1875
1859
1863
1857
1856
1874
1855
1872
1887
1874
1878
1882
1881
1868
1890
1863
1867
1878
1877
1875
1884
1878
1861
1855
1874
1860
1874
1863
1829
1777
1786
1810
1781
1808
1831
1830
1821
1826
1824
1831
1830
1829
1844
1860
1831
1848
1858
1855
1868
1841
1830
1857
1858
1859
1871
1873
1859
1858
1850
1857
1873
1875
1862
1861
1865
1855
1866
1872
1869
1878
1886
1857
1869
1874
1865
1879
1875
1867
1889
1888
1877
1876
1881
1824
1801
1780
1807
1798
1822
1813
1827
1815
1840
1825
1822
1845
1839
1859
1861
1847
1865
1835
1852
1865
1848
1855
1841
1837
1862
1863
1840
1860
1870
1847
1873
1851
1851
1861
1840
1872
1872
1872
1864
1872
1863
1867
1872
1862
1867
1874
1877
1882
1877
1861
1881
1883
1886
1841
1761
1769
1791
1780
1797
1809
1801
1817
1815
1840
1808
1824
1824
1858
1840
1840
1849
1870
1871
1865
1869
1867
1877
1867
1883
1883
1872
1885
1856
1863
1871
1874
1890
1883
1874
1862
1854
1878
1866
1874
1868
1858
1873
1872
1856
1857
1871
1872
1866
1872
1870
1857
1878
1874
1787
1778
1798
1766
1806
1793
1771
1808
1815
1797
1838
1809
1792
1836
1826
1811
1844
1836
1815
1861
1846
1836
1850
1854
1849
1849
1867
1872
1877
1883
1844
1875
1891
1872
1875
1879
1867
1891
1886
1889
1882
1863
1862
1890
1890
1893
1882
1899
1895
1872
1870
1872
1871
1867
1842
1774
1789
1792
1797
1799
1798
1815
1827
1828
1833
1819
1834
1839
1850
1831
1844
1824
1847
1853
1853
1856
1840
1870
1856
1862
1863
1851
1856
1852
1843
1840
1855
1863
1872
1869
1861
1851
1861
1872
1881
1879
1872
1872
1883
1872
1892
1887
1871
1879
1872
1881
1878
1874
1840
1766
1776
1807
1783
1804
1810
1805
1808
1833
1821
1831
1846
1840
1844
1845
1847
1865
1872
1851
1859
1875
1852
1852
1860
1877
1872
1870
1877
1856
1854
1866
1871
1872
1862
1872
1870
1888
1855
1887
1861
1866
1872
1861
1850
1879
1868
1873
1873
1859
1870
1863
1872
1872
1885
1816
1773
1781
1798
1776
1783
1806
1795
1815
1823
1809
1840
1836
1817
1850
1826
1840
1836
1822
1856
1862
1863
1842
1860
1872
1839
1872
1856
1877
1874
1872
1867
1872
1865
1868
1874
1885
1865
1871
1866
1879
1869
1873
1878
1868
1875
1883
1879
1863
1861
1874
1870
1857
1870
1815
1788
1777
1777
1807
1795
1794
1803
1822
1813
1825
1844
1823
1830
1845
1840
1828
1846
1850
1839
1840
1847
1851
1857
1868
1853
1872
1843
1857
1857
1872
1861
1872
1872
1850
1853
1859
1856
1872
1879
1891
1869
1875
1887
1893
1872
1893
1878
1875
1899
1902
1898
1878
1872
1875
1801
1758
1787
1808
1799
1824
1822
1794
1835
1835
1811
1836
1846
1840
1849
1846
1846
1863
1854
1850
1863
1866
1851
1855
1867
1862
1853
1877
1842
1865
1850
1841
1872
1849
1840
1857
1871
1835
1843
1850
1840
1859
1859
1853
1861
1872
1860
1870
1857
1858
1867
1872
1843
1869
1802
1777
1773
1792
1802
1793
1807
1798
1809
1830
1807
1815
1815
1834
1849
1841
1824
1853
1846
1851
1872
1866
1855
1856
1872
1865
1859
1851
1877
1881
1884
1869
1883
1868
1867
1886
1862
1867
1894
1870
1872
1878
1875
1856
1872
1867
1859
1873
1878
1856
1869
1863
1856
1863
1825
1782
1805
1786
1813
1798
1802
1807
1805
1811
1815
1840
1820
1841
1838
1823
1827
1836
1824
1847
1835
1858
1856
1837
1856
1863
1859
1872
1887
1853
1850
1866
1854
1856
1856
1863
1851
1861
1889
1861
1885
1872
1863
1891
1874
1871
1879
1874
1863
1885
1898
1871
1877
1877
1872
1837
1772
1801
1799
1812
1808
1821
1831
1813
1824
1831
1841
1840
1846
1831
1840
1842
1847
1859
1876
1854
1873
1854
1854
1846
1862
1841
1858
1846
1865
1875
1850
1874
1872
1871
1872
1868
1860
1849
1874
1878
1871
1887
1875
1872
1877
1885
1866
1873
1873
1859
1894
1875
1877
1839
1775
1785
1799
1787
1786
1818
1814
1811
1834
1813
1850
1850
1822
1835
1840
1836
1845
1863
1844
1847
1874
1875
1878
1861
1865
1875
1871
1878
1879
1885
1859
1878
1888
1883
1869
1872
1885
1862
1875
1872
1882
1865
1887
1866
1876
1859
1857
1862
1863
1851
1856
1866
1856
1871
1815
1790
1750
1786
1781
1770
1802
1804
1781
1817
1830
1798
1841
1846
1803
1820
1834
1823
1840
1846
1830
1857
1854
1846
1841
1868
1843
1859
1869
1871
1870
1872
1883
1862
1870
1874
1866
1857
1872
1869
1882
1895
1874
1890
1867
1860
1867
1888
1875
1871
1862
1872
1872
1869
1826
1781
1802
1787
1812
1794
1799
1822
1839
1818
1835
1823
1840
1856
1834
1853
1856
1856
1835
1847
1840
1851
1853
1861
1871
1841
1866
1870
1847
1878
1859
1872
1877
1869
1885
1869
1856
1853
1873
1862
1861
1861
1867
1869
1877
1893
1888
1886
1886
1893
1883
1879
1874
1893
1824
1749
1791
1802
1787
1808
1794
1806
1808
1810
1831
1851
1841
1834
1859
1856
1831
1859
1859
1858
1851
1874
1847
1872
1858
1861
1873
1856
1877
1857
1874
1872
1873
1873
1858
1875
1859
1872
1856
1875
1866
1878
1857
1874
1852
1871
1867
1862
1854
1851
1853
1855
1854
1884
1878
1802
1761
1777
1795
1776
1795
1794
1807
1805
1824
1810
1815
1824
1819
1831
1843
1854
1856
1840
1856
1857
1844
1861
1862
1857
1855
1882
1867
1881
1877
1881
1873
1886
1870
1858
1856
1878
1872
1860
1892
1872
1867
1878
1889
1872
1887
1879
1871
1874
1871
1867
1861
1882
1845
1860
1796
1798
1778
1789
1810
1808
1815
1835
1840
1848
1847
1831
1825
1840
1851
1839
1854
1854
1839
1835
1853
1870
1840
1872
1866
1857
1861
1872
1872
1850
1871
1869
1861
1856
1871
1873
1870
1865
1883
1857
1885
1885
1889
1894
1872
1872
1892
1883
1893
1873
1897
1898
1874
1873
1815
1776
1770
1779
1783
1796
1806
1831
1810
1833
1844
1839
1828
1844
1845
1840
1840
1861
1861
1856
1867
1859
1863
1869
1849
1874
1860
1866
1853
1847
1867
1875
1870
1847
1854
1866
1844
1847
1872
1855
1868
1878
1858
1861
1851
1867
1872
1898
1883
1871
1860
1855
1885
1874
1835
1771
1776
1765
1792
1794
1792
1801
1824
1808
1823
1840
1840
1839
1829
1841
1831
1861
1843
1846
1868
1861
1856
1855
1877
1853
1860
1866
1869
1877
1871
1875
1879
1856
1877
1865
1893
1872
1873
1881
1873
1873
1866
1872
1863
1887
1881
1877
1867
1862
1851
1871
1872
1861
1874
1814
1795
1804
1805
1791
1792
1813
1821
1808
1805
1845
1814
1823
1835
1824
1840
1842
1856
1832
1853
1855
1866
1831
1871
1843
1859
1847
1863
1857
1879
1856
1856
1872
1882
1863
1883
1875
1879
1885
1875
1883
1888
1878
1871
1889
1875
1873
1866
1858
1874
1877
1873
1893
1885
1854
1809
1811
1814
1798
1820
1811
1820
1833
1834
1830
1829
1823
1835
1825
1839
1849
1858
1853
1854
1856
1840
1849
1856
1833
1854
1871
1850
1841
1850
1870
1859
1856
1853
1866
1866
1863
1878
1857
1860
1872
1871
1873
1883
1861
1862
1877
1884
1892
1865
1888
1886
1886
1869
1812
1782
1767
1764
1792
1782
1813
1813
1826
1826
1828
1831
1812
1841
1856
1854
1855
1871
1852
1872
1872
1856
1879
1866
1856
1858
1875
1859
1869
1883
1868
1885
1866
1874
1883
1871
1861
1872
1861
1867
1856
1854
1888
1857
1879
1870
1847
1853
1847
1865
1864
1858
1883
1858
1876
1821
1762
1789
1806
1766
1808
1793
1776
1823
1822
1808
1835
1824
1818
1845
1831
1824
1841
1857
1829
1853
1867
1846
1871
1872
1840
1861
1859
1850
1856
1856
1862
1877
1884
1872
1890
1897
1884
1887
1877
1872
1875
1895
1873
1882
1885
1872
1897
1872
1861
1879
1877
1879
1866
1844
1787
1796
1802
1808
1803
1818
1820
1823
1827
1837
1831
1826
1855
1858
1847
1845
1854
1856
1840
1856
1849
1856
1861
1865
1858
1841
1847
1872
1855
1851
1871
1858
1867
1858
1863
1856
1866
1872
1888
1856
1868
1884
1878
1885
1890
1874
1878
1872
1859
1869
1885
1883
1871
1804
1754
1790
1771
1789
1791
1811
1798
1818
1811
1831
1854
1813
1852
1860
1843
1866
1841
1847
1859
1859
1863
1858
1849
1851
1871
1860
1877
1879
1875
1861
1872
1869
1865
1860
1869
1856
1867
1872
1873
1872
1859
1846
1884
1851
1854
1875
1855
1872
1868
1866
1869
1886
1874
1885
1811
1781
1790
1791
1797
1806
1778
1808
1814
1819
1822
1825
1838
1812
1845
1844
1823
1856
1861
1841
1850
1849
1864
1871
1843
1840
1871
1862
1882
1898
1875
1889
1861
1879
1863
1881
1885
1866
1875
1895
1886
1872
1876
1890
1882
1860
1874
1863
1874
1872
1851
1871
1880
1856
1833
1766
1808
1792
1802
1815
1806
1808
1827
1819
1814
1837
1840
1830
1826
1836
1855
1835
1840
1835
1839
1859
1837
1861
1865
1869
1856
1845
1846
1872
1866
1875
1859
1856
1872
1849
1867
1879
1859
1872
1872
1900
1888
1872
1872
1878
1893
1889
1891
1876
1882
1873
1878
1857
1873
1818
1761
1790
1798
1785
1801
1810
1819
1826
1841
1827
1843
1855
1842
1825
1854
1844
1849
1840
1850
1847
1859
1847
1861
1847
1872
1854
1855
1863
1854
1869
1851
1857
1845
1869
1856
1876
1872
1856
1853
1843
1846
1855
1865
1872
1879
1862
1854
1872
1855
1871
1873
1861
1863
1808
1765
1779
1794
1789
1808
1798
1809
1814
1811
1823
1829
1831
1829
1824
1841
1829
1865
1864
1843
1844
1861
1851
1863
1872
1872
1868
1881
1878
1889
1867
1870
1881
1872
1884
1888
1858
1883
1888
1888
1863
1867
1861
1881
1886
1883
1872
1877
1872
1866
1872
1868
1854
1856
1856
1834
1801
1799
1779
1810
1795
1809
1791
1825
1809
1839
1814
1837
1835
1826
1840
1829
1839
1839
1859
1856
1840
1859
1847
1840
1856
1858
1851
1866
1859
1865
1858
1860
1868
1878
1886
1863
1889
1878
1879
1871
1863
1872
1877
1876
1870
1878
1886
1871
1888
1873
1858
1879
1856
1833
1771
1773
1783
1792
1819
1821
1827
1804
1834
1821
1850
1833
1862
1846
1841
1866
1870
1837
1841
1849
1846
1840
1845
1858
1843
1859
1872
1879
1855
1873
1850
1866
1874
1875
1861
1873
1873
1850
1863
1859
1870
1872
1856
1873
1882
1883
1873
1875
1872
1875
1890
1879
1898
1809
1774
1785
1776
1806
1808
1827
1810
1798
1828
1816
1810
1840
1825
1840
1830
1844
1863
1841
1849
1865
1857
1846
1867
1875
1877
1861
1857
1855
1877
1879
1886
1872
1869
1869
1874
1878
1863
1878
1857
1874
1874
1872
1854
1865
1872
1861
1875
1888
1866
1861
1882
1872
1869
1872
1810
1767
1777
1799
1792
1807
1801
1808
1825
1792
1824
1834
1839
1839
1849
1841
1823
1833
1835
1843
1835
1854
1852
1863
1868
1870
1871
1865
1871
1877
1857
1871
1872
1863
1890
1863
1871
1877
1872
1879
1872
1870
1866
1886
1861
1872
1871
1863
1879
1869
1867
1872
1868
1880
1833
1781
1787
1804
1808
1808
1807
1808
1803
1808
1830
1840
1827
1843
1847
1866
1850
1871
1851
1850
1841
1842
1850
1852
1869
1862
1862
1837
1863
1861
1872
1863
1858
1857
1871
1873
1872
1878
1871
1879
1860
1877
1859
1872
1863
1889
1883
1871
1892
1887
1892
1875
1881
1861
1872
1811
1776
1785
1783
1809
1792
1808
1805
1823
1799
1794
1821
1812
1837
1872
1855
1853
1841
1851
1842
1872
1874
1863
1869
1872
1872
1863
1873
1852
1870
1877
1854
1883
1872
1877
1879
1861
1856
1866
1863
1867
1879
1877
1872
1874
1870
1872
1859
1872
1872
1856
1855
1872
1870
1832
1762
1791
1786
1808
1818
1808
1820
1823
1822
1824
1809
1838
1839
1834
1829
1840
1856
1859
1855
1840
1846
1865
1875
1856
1849
1863
1857
1879
1858
1878
1857
1884
1875
1868
1863
1870
1878
1876
1890
1873
1887
1885
1867
1867
1879
1870
1872
1863
1865
1858
1883
1877
1882
1846
1797
1790
1793
1793
1805
1818
1821
1825
1824
1841
1847
1843
1831
1849
1843
1830
1849
1834
1859
1859
1840
1867
1859
1851
1872
1847
1856
1853
1870
1853
1872
1861
1860
1865
1883
1867
1860
1858
1870
1872
1890
1865
1889
1895
1878
1888
1873
1886
1895
1878
1893
1897
1895
1866
1808
1759
1767
1767
1803
1801
1819
1818
1836
1821
1832
1829
1842
1823
1867
1855
1863
1853
1846
1861
1863
1843
1865
1853
1866
1872
1856
1881
1856
1845
1872
1841
1844
1869
1866
1875
1866
1872
1872
1861
1870
1858
1880
1866
1881
1859
1852
1872
1855
1856
1888
1885
1883
1888
1823
1770
1757
1765
1808
1812
1796
1798
1803
1808
1805
1810
1824
1843
1849
1840
1829
1837
1855
1864
1855
1872
1871
1865
1853
1858
1857
1888
1874
1873
1874
1888
1891
1876
1887
1872
1902
1869
1887
1869
1871
1885
1882
1869
1874
1879
1859
1872
1879
1852
1870
1866
1871
1851
1854
1837
1794
1808
1809
1823
1804
1792
1804
1813
1808
1819
1811
1835
1823
1801
1836
1825
1813
1829
1856
1863
1874
1851
1852
1846
1840
1862
1888
1855
1857
1872
1872
1840
1863
1880
1879
1895
1877
1885
1877
1867
1879
1883
1853
1879
1879
1885
1854
1868
1861
1866
1897
1872
1887
1837
1781
1776
1790
1815
1811
1840
1836
1833
1823
1822
1840
1839
1855
1847
1834
1834
1847
1869
1856
1885
1856
1872
1858
1846
1871
1876
1853
1856
1856
1871
1871
1848
1850
1857
1872
1871
1863
1878
1881
1876
1851
1857
1843
1862
1853
1874
1879
1871
1881
1861
1872
1898
1882
1823
1748
1786
1781
1776
1787
1787
1799
1819
1799
1827
1823
1819
1808
1827
1841
1872
1875
1869
1854
1870
1867
1860
1869
1879
1871
1878
1857
1866
1872
1872
1875
1866
1860
1865
1874
1894
1865
1859
1875
1872
1857
1856
1853
1879
1871
1865
1872
1857
1870
1846
1857
1882
1872
1884
1829
1774
1794
1786
1797
1801
1811
1818
1807
1809
1807
1813
1847
1818
1815
1829
1841
1809
1843
1817
1790
1904
1872
1892
1879
1841
1874
1872
1848
1857
1877
1839
1849
1827
1845
1841
1837
1862
1858
1891
1897
1883
1923
1922
1915
1907
1899
1911