1759
1951
2237
2214
2265
2080
1975
1814
1772
1889
2192
2455
2529
2657
2455
2481
2371
2175
2214
2135
2303
2215
2285
2125
1953
1753
1750
1684
1693
1971
1885
2253
1948
1770
1245
1312
1371
1395
1693
1426
1354
1107
1049
1054
1584
1841
2074
1905
1535
1422
1610
1743
2194
2080
1869
1749
1634
1673
1878
1939
2096
1871
1819
1635
1553
1669
1840
1858
1839
1780
1645
1978
1936
1856
2075
1782
2111
1870
1862
1779
1802
2095
2078
2247
2111
2071
1819
1745
1808
1930
2001
2106
1926
1829
1632
1763
1747
2032
2023
2013
1835
1683
1661
1792
1963
2109
2199
2037
1831
1775
1792
1859
1883
1899
1759
1738
1667
1680
1731
1679
1661
1679
1803
1885
1891
1975
2045
2127
2086
1949
1840
1825
1876
1935
2044
2031
2059
2043
1954
1904
1874
1880
1842
1803
1730
1758
1824
1843
1831
1797
1808
1792
1821
1889
1905
1985
2032
1971
1872
1847
1845
1904
1958
1985
2064
2077
2081
1948
1664
1401
1382
1558
1811
2000
1943
1830
1647
1687
1867
2000
2075
1980
1855
1869
1905
2128
2215
2165
1969
1810
1809
1971
2128
2149
2064
1875
1808
1778
1815
1907
2022
1957
1808
1805
1808
1857
1919
1975
1936
1872
1871
1842
1893
1857
1867
1856
1874
1843
1859
1821
1780
1702
1799
1873
1963
1991
1942
1887
1875
1879
1883
1854
1860
1862
1889
1885
1971
2047
2068
2022
2033
1987
1949
1886
1899
1869
1869
1831
1701
1680
1682
1713
1712
1857
1899
1861
1915
1913
1971
1902
1904
1959
1909
1837
1769
1726
1742
1828
1871
1889
1906
1923
1969
2007
1954
1763
1680
1775
1935
2057
2125
1923
1678
1598
1711
1901
2096
2083
1948
1737
1677
1745
1831
1968
1923
1808
1747
1806
1850
1981
2064
2064
1951
1793
1759
1776
1879
1990
2032
2006
1947
2000
2000
2018
2022
2062
2079
2124
2192
2163
2125
2000
1951
1966
1981
1951
1925
1903
1957
1943
1947
2014
1931
1869
1821
1856
1776
1730
1738
1826
1856
1869
1856
1833
1906
1949
2063
2075
2097
2086
2105
2079
2003
2047
2009
1975
1979
1904
2005
2063
2126
2095
2065
1979
1967
1919
1981
1918
1854
1875
1897
1869
1875
1899
1914
1898
1873
1840
1870
1974
1997
2011
2010
2011
1951
1963
1959
1914
1922
1950
2018
2022
2034
1979
2014
1946
1922
1840
1831
1908
2019
2065
1995
1942
1927
1998
1981
2022
2004
1999
1975
1919
1904
1891
1899
1911
1893
1824
1776
1819
1872
1888
1818
1810
1774
1758
1751
1769
1680
1779
1887
1930
1862
1840
1851
1744
1698
1757
1802
1829
1852
1808
1804
1801
1817
1808
1815
1830
1803
1801
1793
1842
1889
1854
1776
1729
1697
1693
1619
1631
1718
1783
1775
1773
1774
1827
1878
1902
1807
1740
1791
1803
1819
1836
1847
1791
1770
1734
1714
1682
1706
1744
1741
1712
1719
1775
1712
1728
1767
1796
1808
1840
1793
1792
1836
1806
1777
1777
1749
1701
1718
1742
1727
1747
1709
1694
1627
1639
1601
1689
1700
1776